0.050000 0.017279
0.060000 0.020876
0.070000 0.024606
0.080000 0.028252
0.090000 0.031938
0.100000 0.035446
0.110000 0.039107
0.120000 0.042546
0.130000 0.046063
0.140000 0.049502
0.150000 0.052748
0.160000 0.056078
0.170000 0.059662
0.180000 0.063010
0.190000 0.066814
0.200000 0.070664
0.210000 0.074844
0.220000 0.079491
0.230000 0.084944
0.240000 0.090841
0.250000 0.097673
0.260000 0.105750
0.270000 0.114768
0.280000 0.125690
0.290000 0.137978
0.300000 0.152213
0.310000 0.168193
0.320000 0.187178
0.330000 0.207893
0.340000 0.232648
0.350000 0.260028
0.360000 0.290094
0.370000 0.323674
0.380000 0.362137
0.390000 0.402000
0.400000 0.446157
0.410000 0.491704
0.420000 0.540798
0.430000 0.593582
0.440000 0.644081
0.450000 0.697992
0.460000 0.748189
0.470000 0.801380
0.480000 0.849608
0.490000 0.893963
0.500000 0.936135
0.510000 0.978375
0.520000 1.012800
0.530000 1.041453
0.540000 1.066337
