0.010000 4.663469
0.019800 4.150816
0.029600 3.587143
0.039400 2.678367
0.049200 2.283469
0.059000 1.517755
0.068800 1.147347
0.078600 0.850612
0.088400 0.669388
0.098200 0.583265
0.108000 0.712653
0.117800 0.522857
0.127600 0.554694
0.137400 0.638980
0.147200 0.671020
0.157000 0.726122
0.166800 0.678367
0.176600 0.642857
0.186400 0.490816
0.196200 0.256531
0.206000 -0.082041
0.215800 -0.631224
0.225600 -1.304082
0.235400 -1.982653
0.245200 -3.134490
0.255000 -4.300612
0.264800 -6.492857
0.274600 -7.464286
0.284400 -9.903673
0.294200 -12.813265
0.304000 -15.471837
0.313800 -17.991020
0.323600 -21.387755
0.333400 -22.986939
0.343200 -22.381837
0.353000 -22.307959
0.362800 -20.755306
0.372600 -18.470000
0.382400 -16.023673
0.392200 -13.228571
0.402000 -10.451633
0.411800 -6.926939
0.421600 -6.302041
0.431400 -3.807143
0.441200 -2.177551
0.451000 -0.700204
0.460800 -0.197551
0.470600 1.780612
0.480400 2.009184
#0.490200 193.661020
