1.000000 1.000000
1.008711 1.071847
1.017421 1.148102
1.026132 1.228998
1.034842 1.314776
1.043553 1.405688
1.052264 1.501996
1.060974 1.603973
1.069685 1.711904
1.078396 1.826084
1.087106 1.946820
1.095817 2.074434
1.104527 2.209256
1.113238 2.351634
1.121949 2.501927
1.130659 2.660506
1.139370 2.827761
1.148080 3.004092
1.156791 3.189918
1.165502 3.385671
1.174212 3.591800
1.182923 3.808771
1.191634 4.037067
1.200344 4.277187
1.209055 4.529651
1.217765 4.794994
1.226476 5.073773
1.235187 5.366563
1.243897 5.673958
1.252608 5.996576
1.261318 6.335054
1.270029 6.690050
1.278740 7.062246
1.287450 7.452346
1.296161 7.861078
1.304872 8.289194
1.313582 8.737470
1.322293 9.206708
1.331003 9.697737
1.339714 10.211411
1.348425 10.748612
1.357135 11.310250
1.365846 11.897263
1.374556 12.510620
1.383267 13.151318
1.391978 13.820387
1.400688 14.518887
1.409399 15.247911
1.418110 16.008583
1.426820 16.802064
1.435531 17.629547
1.444241 18.492263
1.452952 19.391475
1.461663 20.328488
1.470373 21.304640
1.479084 22.321312
1.487794 23.379920
1.496505 24.481924
1.505216 25.628824
1.513926 26.822162
1.522637 28.063522
1.531348 29.354534
1.540058 30.696872
1.548769 32.092254
1.557479 33.542447
1.566190 35.049266
1.574901 36.614572
1.583611 38.240278
1.592322 39.928347
1.601032 41.680795
1.609743 43.499687
1.618454 45.387146
1.627164 47.345348
1.635875 49.376524
1.644586 51.482963
1.653296 53.667014
1.662007 55.931081
1.670717 58.277631
1.679428 60.709193
1.688139 63.228358
1.696849 65.837779
1.705560 68.540177
1.714270 71.338337
1.722981 74.235112
1.731692 77.233424
1.740402 80.336265
1.749113 83.546697
1.757824 86.867855
1.766534 90.302949
1.775245 93.855261
1.783955 97.528153
1.792666 101.325060
1.801377 105.249501
1.810087 109.305071
1.818798 113.495450
1.827508 117.824399
1.836219 122.295763
1.844930 126.913474
1.853640 131.681553
1.862351 136.604105
1.871062 141.685330
1.879772 146.929516
1.888483 152.341047
1.897193 157.924399
1.905904 163.684147
1.914615 169.624961
1.923325 175.751611
1.932036 182.068968
1.940746 188.582006
1.949457 195.295801
1.958168 202.215538
1.966878 209.346504
1.975589 216.694099
1.984300 224.263832
1.993010 232.061323
2.001721 240.092307
2.010431 248.362634
2.019142 256.878272
2.027853 265.645305
2.036563 274.669941
2.045274 283.958508
2.053984 293.517459
2.062695 303.353372
2.071406 313.472953
2.080116 323.883037
2.088827 334.590592
2.097538 345.602715
2.106248 356.926643
2.114959 368.569746
2.123669 380.539533
2.132380 392.843655
2.141091 405.489904
2.149801 418.486216
2.158512 431.840674
2.167222 445.561510
2.175933 459.657104
2.184644 474.135988
2.193354 489.006850
2.202065 504.278533
2.210776 519.960036
2.219486 536.060522
2.228197 552.589312
2.236907 569.555894
2.245618 586.969920
2.254329 604.841210
2.263039 623.179758
2.271750 641.995725
2.280460 661.299449
2.289171 681.101446
2.297882 701.412408
2.306592 722.243210
2.315303 743.604907
2.324014 765.508742
2.332724 787.966144
2.341435 810.988732
2.350145 834.588316
2.358856 858.776900
2.367567 883.566684
2.376277 908.970067
2.384988 934.999649
2.393698 961.668230
2.402409 988.988819
2.411120 1016.974629
2.419830 1045.639084
2.428541 1074.995820
2.437252 1105.058688
2.445962 1135.841753
2.454673 1167.359301
2.463383 1199.625840
2.472094 1232.656098
2.480805 1266.465033
2.489515 1301.067828
2.498226 1336.479899
2.506936 1372.716893
2.515647 1409.794693
2.524358 1447.729422
2.533068 1486.537440
2.541779 1526.235350
2.550490 1566.840003
2.559200 1608.368494
2.567911 1650.838170
2.576621 1694.266629
2.585332 1738.671724
2.594043 1784.071567
2.602753 1830.484527
2.611464 1877.929238
2.620174 1926.424596
2.628885 1975.989766
2.637596 2026.644182
2.646306 2078.407550
2.655017 2131.299850
2.663728 2185.341341
2.672438 2240.552561
2.681149 2296.954329
2.689859 2354.567750
2.698570 2413.414215
2.707281 2473.515406
2.715991 2534.893298
2.724702 2597.570158
2.733412 2661.568553
2.742123 2726.911349
2.750834 2793.621715
2.759544 2861.723125
2.768255 2931.239359
2.776966 3002.194509
2.785676 3074.612979
2.794387 3148.519490
2.803097 3223.939078
2.811808 3300.897102
2.820519 3379.419241
2.829229 3459.531504
2.837940 3541.260224
2.846650 3624.632066
2.855361 3709.674031
2.864072 3796.413451
2.872782 3884.878001
2.881493 3975.095695
2.890204 4067.094889
2.898914 4160.904289
2.907625 4256.552946
2.916335 4354.070265
2.925046 4453.486004
2.933757 4554.830276
2.942467 4658.133556
2.951178 4763.426677
2.959888 4870.740840
2.968599 4980.107609
2.977310 5091.558920
2.986020 5205.127079
2.994731 5320.844767
3.003442 5438.745043
3.012152 5558.861343
3.020863 5681.227486
3.029573 5805.877677
3.038284 5932.846505
3.046995 6062.168951
3.055705 6193.880387
3.064416 6328.016579
3.073126 6464.613690
3.081837 6603.708283
3.090548 6745.337324
3.099258 6889.538180
3.107969 7036.348629
3.116680 7185.806855
3.125390 7337.951455
3.134101 7492.821441
3.142811 7650.456240
3.151522 7810.895699
3.160233 7974.180086
3.168943 8140.350093
3.177654 8309.446839
3.186364 8481.511869
3.195075 8656.587163
3.203786 8834.715129
3.212496 9015.938616
3.221207 9200.300907
3.229918 9387.845728
3.238628 9578.617245
3.247339 9772.660070
3.256049 9970.019263
3.264760 10170.740332
3.273471 10374.869237
3.282181 10582.452392
3.290892 10793.536667
3.299602 11008.169390
3.308313 11226.398350
3.317024 11448.271797
3.325734 11673.838447
3.334445 11903.147484
3.343156 12136.248559
3.351866 12373.191794
3.360577 12614.027785
3.369287 12858.807603
3.377998 13107.582797
3.386709 13360.405393
3.395419 13617.327901
3.404130 13878.403313
3.412841 14143.685105
3.421551 14413.227241
3.430262 14687.084176
3.438972 14965.310852
3.447683 15247.962708
3.456394 15535.095674
3.465104 15826.766180
3.473815 16123.031151
3.482525 16423.948014
3.491236 16729.574697
3.499947 17039.969633
3.508657 17355.191758
3.517368 17675.300518
3.526079 18000.355864
3.534789 18330.418260
3.543500 18665.548681
3.552210 19005.808617
3.560921 19351.260069
3.569632 19701.965559
3.578342 20057.988125
3.587053 20419.391324
3.595763 20786.239236
3.604474 21158.596461
3.613185 21536.528125
3.621895 21920.099877
3.630606 22309.377895
3.639317 22704.428882
3.648027 23105.320073
3.656738 23512.119230
3.665448 23924.894650
3.674159 24343.715161
3.682870 24768.650124
3.691580 25199.769435
3.700291 25637.143529
3.709001 26080.843374
3.717712 26530.940479
3.726423 26987.506890
3.735133 27450.615196
3.743844 27920.338523
3.752555 28396.750542
3.761265 28879.925464
3.769976 29369.938046
3.778686 29866.863588
3.787397 30370.777935
3.796108 30881.757478
3.804818 31399.879152
3.813529 31925.220443
3.822239 32457.859382
3.830950 32997.874547
3.839661 33545.345067
3.848371 34100.350620
3.857082 34662.971430
3.865793 35233.288275
3.874503 35811.382481
3.883214 36397.335925
3.891924 36991.231034
3.900635 37593.150788
3.909346 38203.178715
3.918056 38821.398897
3.926767 39447.895967
3.935477 40082.755109
3.944188 40726.062057
3.952899 41377.903099
3.961609 42038.365073
3.970320 42707.535369
3.979031 43385.501927
3.987741 44072.353238
3.996452 44768.178345
4.005162 45473.066840
4.013873 46187.108865
4.022584 46910.395113
4.031294 47643.016824
4.040005 48385.065789
4.048715 49136.634345
4.057426 49897.815379
4.066137 50668.702322
4.074847 51449.389153
4.083558 52239.970398
4.092269 53040.541124
4.100979 53851.196945
4.109690 54672.034018
4.118400 55503.149040
4.127111 56344.639252
4.135822 57196.602433
4.144532 58059.136902
4.153243 58932.341516
4.161953 59816.315669
4.170664 60711.159290
4.179375 61616.972843
4.188085 62533.857325
4.196796 63461.914263
4.205507 64401.245718
4.214217 65351.954275
4.222928 66314.143049
4.231638 67287.915681
4.240349 68273.376334
4.249060 69270.629694
4.257770 70279.780969
4.266481 71300.935883
4.275191 72334.200678
4.283902 73379.682112
4.292613 74437.487454
4.301323 75507.724485
4.310034 76590.501495
4.318745 77685.927279
4.327455 78794.111139
4.336166 79915.162878
4.344876 81049.192797
4.353587 82196.311697
4.362298 83356.630873
4.371008 84530.262114
4.379719 85717.317696
4.388429 86917.910385
4.397140 88132.153432
4.405851 89360.160567
4.414561 90602.046003
4.423272 91857.924426
4.431983 93127.910999
4.440693 94412.121353
4.449404 95710.671587
4.458114 97023.678265
4.466825 98351.258412
4.475536 99693.529511
4.484246 101050.609501
4.492957 102422.616771
4.501667 103809.670158
4.510378 105211.888945
4.519089 106629.392856
4.527799 108062.302052
4.536510 109510.737128
4.545221 110974.819110
4.553931 112454.669450
4.562642 113950.410023
4.571352 115462.163123
4.580063 116990.051459
4.588774 118534.198149
4.597484 120094.726722
4.606195 121671.761105
4.614905 123265.425628
4.623616 124875.845011
4.632327 126503.144367
4.641037 128147.449194
4.649748 129808.885371
4.658459 131487.579153
4.667169 133183.657167
4.675880 134897.246409
4.684590 136628.474236
4.693301 138377.468364
4.702012 140144.356862
4.710722 141929.268146
4.719433 143732.330978
4.728143 145553.674456
4.736854 147393.428011
4.745565 149251.721404
4.754275 151128.684716
4.762986 153024.448349
4.771697 154939.143015
4.780407 156872.899732
4.789118 158825.849822
4.797828 160798.124900
4.806539 162789.856873
4.815250 164801.177932
4.823960 166832.220547
4.832671 168883.117459
4.841381 170954.001680
4.850092 173045.006479
4.858803 175156.265383
4.867513 177287.912167
4.876224 179440.080849
4.884935 181612.905685
4.893645 183806.521160
4.902356 186021.061983
4.911066 188256.663083
4.919777 190513.459598
4.928488 192791.586873
4.937198 195091.180450
4.945909 197412.376062
4.954619 199755.309630
4.963330 202120.117249
4.972041 204506.935189
4.980751 206915.899882
4.989462 209347.147920
4.998173 211800.816042
5.006883 214277.041134
5.015594 216775.960216
5.024304 219297.710438
5.033015 221842.429071
5.041726 224410.253501
5.050436 227001.321221
5.059147 229615.769822
5.067857 232253.736989
5.076568 234915.360491
5.085279 237600.778173
5.093989 240310.127948
5.102700 243043.547793
5.111411 245801.175735
5.120121 248583.149850
5.128832 251389.608248
5.137542 254220.689071
5.146253 257076.530480
5.154964 259957.270651
5.163674 262863.047765
5.172385 265793.999997
5.181095 268750.265514
5.189806 271731.982460
5.198517 274739.288952
5.207227 277772.323069
5.215938 280831.222844
5.224649 283916.126257
5.233359 287027.171224
5.242070 290164.495588
5.250780 293328.237115
5.259491 296518.533477
5.268202 299735.522250
5.276912 302979.340903
5.285623 306250.126786
5.294333 309548.017126
5.303044 312873.149013
5.311755 316225.659394
5.320465 319605.685063
5.329176 323013.362651
5.337887 326448.828615
5.346597 329912.219233
5.355308 333403.670591
5.364018 336923.318574
5.372729 340471.298856
5.381440 344047.746892
5.390150 347652.797908
5.398861 351286.586890
5.407571 354949.248572
5.416282 358640.917433
5.424993 362361.727679
5.433703 366111.813240
5.442414 369891.307754
5.451125 373700.344562
5.459835 377539.056694
5.468546 381407.576859
5.477256 385306.037440
5.485967 389234.570476
5.494678 393193.307656
5.503388 397182.380309
5.512099 401201.919393
5.520809 405252.055481
5.529520 409332.918756
5.538231 413444.638998
5.546941 417587.345571
5.555652 421761.167417
5.564363 425966.233040
5.573073 430202.670500
5.581784 434470.607400
5.590494 438770.170873
5.599205 443101.487576
5.607916 447464.683676
5.616626 451859.884837
5.625337 456287.216214
5.634047 460746.802438
5.642758 465238.767605
5.651469 469763.235268
5.660179 474320.328422
5.668890 478910.169496
5.677601 483532.880338
5.686311 488188.582207
5.695022 492877.395761
5.703732 497599.441043
5.712443 502354.837474
5.721154 507143.703837
5.729864 511966.158268
5.738575 516822.318245
5.747285 521712.300575
5.755996 526636.221381
5.764707 531594.196095
5.773417 536586.339440
5.782128 541612.765426
5.790839 546673.587329
5.799549 551768.917688
5.808260 556896.741470
5.816970 562035.881757
5.825681 567184.104466
5.834392 572341.279971
5.843102 577507.275878
5.851813 582681.957038
5.860523 587865.185557
5.869234 593056.820796
5.877945 598256.719389
5.886655 603464.735245
5.895366 608680.719561
5.904077 613904.520828
5.912787 619135.984838
5.921498 624374.954700
5.930208 629621.270841
5.938919 634874.771020
5.947630 640135.290336
5.956340 645402.661236
5.965051 650676.713529
5.973761 655957.274389
5.982472 661244.168369
5.991183 666537.217413
5.999893 671836.240859
6.008604 677141.055456
6.017315 682451.475372
6.026025 687767.312202
6.034736 693088.374982
6.043446 698414.470197
6.052157 703745.401797
6.060868 709080.971200
6.069578 714420.977310
6.078289 719765.216525
6.086999 725113.482749
6.095710 730465.567405
6.104421 735821.259446
6.113131 741180.345365
6.121842 746542.609212
6.130553 751907.832599
6.139263 757275.794721
6.147974 762646.272363
6.156684 768019.039912
6.165395 773393.869376
6.174106 778770.530392
6.182816 784148.790239
6.191527 789528.413857
6.200237 794909.163853
6.208948 800290.800522
6.217659 805673.081857
6.226369 811055.763566
6.235080 816438.599082
6.243791 821821.339582
6.252501 827203.734001
6.261212 832585.529046
6.269922 837966.469210
6.278633 843346.296793
6.287344 848724.751909
6.296054 854101.572510
6.304765 859476.494398
6.313475 864849.251239
6.322186 870219.574586
6.330897 875587.193889
6.339607 880951.836516
6.348318 886313.227769
6.357029 891671.090899
6.365739 897025.147126
6.374450 902375.115658
6.383160 907720.713703
6.391871 913061.656494
6.400582 918397.657302
6.409292 923728.427457
6.418003 929053.676366
6.426713 934373.111533
6.435424 939686.438576
6.444135 944993.361246
6.452845 950293.581451
6.461556 955586.799271
6.470267 960872.712977
6.478977 966151.019057
6.487688 971421.412231
6.496398 976683.585474
6.505109 981937.230036
6.513820 987182.035462
6.522530 992417.689617
6.531241 997643.878700
6.539951 1002860.287275
6.548662 1008066.598284
6.557373 1013262.493076
6.566083 1018447.651424
6.574794 1023621.751550
6.583505 1028784.470148
6.592215 1033935.482405
6.600926 1039074.462026
6.609636 1044201.081255
6.618347 1049315.010900
6.627058 1054415.920357
6.635768 1059503.477634
6.644479 1064577.349372
6.653189 1069637.200872
6.661900 1074682.696122
6.670611 1079713.497815
6.679321 1084729.267379
6.688032 1089729.665001
6.696743 1094714.349652
6.705453 1099682.979111
6.714164 1104635.209995
6.722874 1109570.697778
6.731585 1114489.096825
6.740296 1119390.060412
6.749006 1124273.240755
6.757717 1129138.289038
6.766427 1133984.855435
6.775138 1138812.589145
6.783849 1143621.138410
6.792559 1148410.150551
6.801270 1153179.271989
6.809981 1157928.148276
6.818691 1162656.424124
6.827402 1167363.743430
6.836112 1172049.749305
6.844823 1176714.084108
6.853534 1181356.389465
6.862244 1185976.306306
6.870955 1190573.474890
6.879665 1195147.534839
6.888376 1199698.125158
6.897087 1204224.884276
6.905797 1208727.450068
6.914508 1213205.459886
6.923219 1217658.550593
6.931929 1222086.358589
6.940640 1226488.519844
6.949350 1230864.669928
6.958061 1235214.444040
6.966772 1239537.477042
6.975482 1243833.403488
6.984193 1248101.857655
6.992903 1252342.473577
7.001614 1256554.885073
7.010325 1260738.725781
7.019035 1264893.629190
7.027746 1269019.228671
7.036457 1273115.157507
7.045167 1277181.048933
7.053878 1281216.536157
7.062588 1285221.252403
7.071299 1289194.830938
7.080010 1293136.905106
7.088720 1297047.108361
7.097431 1300925.074301
7.106141 1304770.436698
7.114852 1308582.829538
7.123563 1312361.887047
7.132273 1316107.243727
7.140984 1319818.534394
7.149695 1323495.394206
7.158405 1327137.458698
7.167116 1330744.363820
7.175826 1334315.745966
7.184537 1337851.242012
7.193248 1341350.489347
7.201958 1344813.125912
7.210669 1348238.790229
7.219379 1351627.121441
7.228090 1354977.759341
7.236801 1358290.344413
7.245511 1361564.517862
7.254222 1364799.921651
7.262933 1367996.198537
7.271643 1371152.992102
7.280354 1374269.946795
7.289064 1377346.707960
7.297775 1380382.921876
7.306486 1383378.235790
7.315196 1386332.297957
7.323907 1389244.757667
7.332617 1392115.265290
7.341328 1394943.472303
7.350039 1397729.031334
7.358749 1400471.596191
7.367460 1403170.821901
7.376171 1405826.364745
7.384881 1408437.882294
7.393592 1411005.033445
7.402302 1413527.478457
7.411013 1416004.878985
7.419724 1418436.898121
7.428434 1420823.200424
7.437145 1423163.451958
7.445855 1425457.320332
7.454566 1427704.474728
7.463277 1429904.585945
7.471987 1432057.326431
7.480698 1434162.370320
7.489409 1436219.393466
7.498119 1438228.073483
7.506830 1440188.089778
7.515540 1442099.123587
7.524251 1443960.858013
7.532962 1445772.978061
7.541672 1447535.170672
7.550383 1449247.124763
7.559093 1450908.531258
7.567804 1452519.083130
7.576515 1454078.475429
7.585225 1455586.405326
7.593936 1457042.572143
7.602647 1458446.677389
7.611357 1459798.424802
7.620068 1461097.520374
7.628778 1462343.672397
7.637489 1463536.591492
7.646200 1464675.990646
7.654910 1465761.585247
7.663621 1466793.093122
7.672331 1467770.234570
7.681042 1468692.732395
7.689753 1469560.311945
7.698463 1470372.701145
7.707174 1471135.248829
7.715885 1471903.873861
7.724595 1472683.960169
7.733306 1473475.276916
7.742016 1474277.593900
7.750727 1475090.681543
7.759438 1475914.310882
7.768148 1476748.253557
7.776859 1477592.281809
7.785569 1478446.168466
7.794280 1479309.686934
7.802991 1480182.611193
7.811701 1481064.715787
7.820412 1481955.775813
7.829123 1482855.566920
7.837833 1483763.865294
7.846544 1484680.447657
7.855254 1485605.091257
7.863965 1486537.573860
7.872676 1487477.673744
7.881386 1488425.169696
7.890097 1489379.841000
7.898807 1490341.467433
7.907518 1491309.829261
7.916229 1492284.707229
7.924939 1493265.882558
7.933650 1494253.136940
7.942361 1495246.252529
7.951071 1496245.011942
7.959782 1497249.198245
7.968492 1498258.594955
7.977203 1499272.986035
7.985914 1500292.155885
7.994624 1501315.889341
8.003335 1502343.971668
8.012045 1503376.188558
8.020756 1504412.326127
8.029467 1505452.170908
8.038177 1506495.509847
8.046888 1507542.130302
8.055599 1508591.820039
8.064309 1509644.367228
8.073020 1510699.560439
8.081730 1511757.188638
8.090441 1512817.041189
8.099152 1513878.907846
8.107862 1514942.578752
8.116573 1516007.844437
8.125283 1517074.495815
8.133994 1518142.324182
8.142705 1519211.121213
8.151415 1520280.678962
8.160126 1521350.789857
8.168837 1522421.246701
8.177547 1523491.842669
8.186258 1524562.371307
8.194968 1525632.626528
8.203679 1526702.402616
8.212390 1527771.494220
8.221100 1528839.696354
8.229811 1529906.804398
8.238522 1530972.614095
8.247232 1532036.921550
8.255943 1533099.523233
8.264653 1534160.215973
8.273364 1535218.796963
8.282075 1536275.063754
8.290785 1537328.814261
8.299496 1538379.846757
8.308206 1539427.959879
8.316917 1540472.952622
8.325628 1541514.624343
8.334338 1542552.774761
8.343049 1543587.203957
8.351760 1544617.712374
8.360470 1545644.100818
8.369181 1546666.170459
8.377891 1547683.722831
8.386602 1548696.559833
8.395313 1549704.483733
8.404023 1550707.297164
8.412734 1551704.803128
8.421444 1552696.804999
8.430155 1553683.106520
8.438866 1554663.511809
8.447576 1555637.825356
8.456287 1556605.852030
8.464998 1557567.397076
8.473708 1558522.266117
8.482419 1559470.265162
8.491129 1560411.200600
8.499840 1561344.879207
8.508551 1562271.108146
8.517261 1563189.694969
8.525972 1564100.447624
8.534682 1565003.174449
8.543393 1565897.684183
8.552104 1566783.785962
8.560814 1567661.289326
8.569525 1568530.004220
8.578236 1569389.740996
8.586946 1570240.310417
8.595657 1571081.523659
8.604367 1571913.192316
8.613078 1572735.128401
8.621789 1573547.144349
8.630499 1574349.053023
8.639210 1575140.667714
8.647920 1575921.802146
8.656631 1576692.270479
8.665342 1577451.887312
8.674052 1578200.467690
8.682763 1578937.827101
8.691474 1579663.781485
8.700184 1580378.147239
8.708895 1581080.741213
8.717605 1581771.380724
8.726316 1582449.883550
8.735027 1583116.067944
8.743737 1583769.752629
8.752448 1584410.756809
8.761158 1585038.900167
8.769869 1585654.002876
8.778580 1586255.885598
8.787290 1586844.369490
8.796001 1587419.276209
8.804712 1587980.427916
8.813422 1588527.647282
8.822133 1589060.757489
8.830843 1589579.582238
8.839554 1590083.945751
8.848265 1590573.672780
8.856975 1591048.588606
8.865686 1591508.519049
8.874396 1591953.290469
8.883107 1592382.729773
8.891818 1592796.664421
8.900528 1593194.922427
8.909239 1593577.332370
8.917950 1593943.723393
8.926660 1594293.925211
8.935371 1594627.768118
8.944081 1594945.082989
8.952792 1595245.701286
8.961503 1595529.455066
8.970213 1595796.176983
8.978924 1596045.700295
8.987634 1596277.858868
8.996345 1596492.487185
9.005056 1596689.420348
9.013766 1596868.494083
9.022477 1597029.544751
9.031188 1597172.409347
9.039898 1597296.925509
9.048609 1597402.931525
9.057319 1597490.266336
9.066030 1597558.769542
9.074741 1597608.281411
9.083451 1597638.642879
9.092162 1597649.695563
9.100872 1597641.281760
9.109583 1597613.244459
9.118294 1597565.427343
9.127004 1597497.674794
9.135715 1597409.831904
9.144426 1597301.744478
9.153136 1597173.259037
9.161847 1597024.222832
9.170557 1596854.483841
9.179268 1596663.890782
9.187979 1596452.293116
9.196689 1596219.541054
9.205400 1595965.485563
9.214110 1595689.978371
9.222821 1595392.871978
9.231532 1595074.019654
9.240242 1594733.275454
9.248953 1594370.494219
9.257664 1593985.531582
9.266374 1593578.243980
9.275085 1593148.488651
9.283795 1592696.123651
9.292506 1592221.007852
9.301217 1591723.000952
9.309927 1591201.963481
9.318638 1590657.756808
9.327348 1590090.243147
9.336059 1589499.285561
9.344770 1588884.747973
9.353480 1588246.495170
9.362191 1587584.392809
9.370902 1586898.307424
9.379612 1586188.106432
9.388323 1585453.658142
9.397033 1584694.831759
9.405744 1583911.497391
9.414455 1583103.526054
9.423165 1582270.789683
9.431876 1581413.161134
9.440586 1580530.514194
9.449297 1579622.723584
9.458008 1578689.664968
9.466718 1577731.214959
9.475429 1576747.251127
9.484140 1575737.652001
9.492850 1574702.297082
9.501561 1573641.066842
9.510271 1572553.842740
9.518982 1571440.507218
9.527693 1570300.943717
9.536403 1569135.036676
9.545114 1567942.671544
9.553824 1566723.734784
9.562535 1565478.113879
9.571246 1564205.697341
9.579956 1562906.374715
9.588667 1561580.036586
9.597378 1560226.574587
9.606088 1558845.881404
9.614799 1557437.850782
9.623509 1556002.377535
9.632220 1554539.357547
9.640931 1553048.687782
9.649641 1551530.266292
9.658352 1549983.992219
9.667062 1548409.765803
9.675773 1546807.488392
9.684484 1545177.062442
9.693194 1543518.391528
9.701905 1541831.380352
9.710616 1540115.934741
9.719326 1538371.961664
9.728037 1536599.369229
9.736747 1534798.066696
9.745458 1532967.964481
9.754169 1531108.974159
9.762879 1529221.008476
9.771590 1527303.981352
9.780300 1525357.807886
9.789011 1523382.404365
9.797722 1521377.688269
9.806432 1519343.578276
9.815143 1517279.994270
9.823854 1515186.857346
9.832564 1513064.089816
9.841275 1510911.615216
9.849985 1508729.358311
9.858696 1506517.245100
9.867407 1504275.202825
9.876117 1502003.159974
9.884828 1499701.046290
9.893538 1497368.792772
9.902249 1495006.331685
9.910960 1492613.596566
9.919670 1490190.522226
9.928381 1487737.044759
9.937092 1485253.101549
9.945802 1482738.631269
9.954513 1480193.573895
9.963223 1477617.870706
9.971934 1475011.464292
9.980645 1472374.298559
9.989355 1469706.318733
9.998066 1467007.471369
10.006776 1464277.704352
10.015487 1461516.966908
10.024198 1458725.209602
10.032908 1455902.384351
10.041619 1453048.444424
10.050330 1450163.344450
10.059040 1447247.040420
10.067751 1444299.489697
10.076461 1441320.651018
10.085172 1438310.484497
10.093883 1435268.951637
10.102593 1432196.015327
10.111304 1429091.639853
10.120014 1425955.790899
10.128725 1422788.435554
10.137436 1419589.542316
10.146146 1416359.081099
10.154857 1413097.023232
10.163568 1409803.341472
10.172278 1406478.010000
10.180989 1403121.004433
10.189699 1399732.301823
10.198410 1396311.880665
10.207121 1392859.720901
10.215831 1389375.803923
10.224542 1385860.112576
10.233252 1382312.631169
10.241963 1378733.345470
10.250674 1375122.242717
10.259384 1371479.311621
10.268095 1367804.542368
10.276806 1364097.926623
10.285516 1360359.457537
10.294227 1356589.129748
10.302937 1352786.939388
10.311648 1348952.884082
10.320359 1345086.962957
10.329069 1341189.176643
10.337780 1337259.527274
10.346490 1333298.018500
10.355201 1329304.655480
10.363912 1325279.444896
10.372622 1321222.394945
10.381333 1317133.515355
10.390044 1313012.817377
10.398754 1308860.313795
10.407465 1304676.018928
10.416175 1300459.948631
10.424886 1296212.120301
10.433597 1291932.552878
10.442307 1287621.266849
10.451018 1283278.284249
10.459728 1278903.628668
10.468439 1274497.325248
10.477150 1270059.400692
10.485860 1265589.883260
10.494571 1261088.802779
10.503282 1256556.190638
10.511992 1251992.079797
10.520703 1247396.504784
10.529413 1242769.501700
10.538124 1238111.108224
10.546835 1233421.363609
10.555545 1228700.308688
10.564256 1223947.985876
10.572966 1219164.439171
10.581677 1214349.714157
10.590388 1209503.858005
10.599098 1204626.919474
10.607809 1199718.948914
10.616520 1194779.998269
10.625230 1189810.121075
10.633941 1184809.372463
10.642651 1179777.809163
10.651362 1174715.489502
10.660073 1169622.473407
10.668783 1164498.822404
10.677494 1159344.599623
10.686204 1154159.869797
10.694915 1148944.699261
10.703626 1143699.155957
10.712336 1138423.309431
10.721047 1133117.230837
10.729758 1127780.992935
10.738468 1122414.670095
10.747179 1117018.338293
10.755889 1111592.075115
10.764600 1106135.959757
10.773311 1100650.073023
10.782021 1095134.497330
10.790732 1089589.316701
10.799442 1084014.616773
10.808153 1078410.484791
10.816864 1072777.009612
10.825574 1067114.281702
10.834285 1061422.393135
10.842996 1055701.437600
10.851706 1049951.510389
10.860417 1044172.708408
10.869127 1038365.130169
10.877838 1032528.875791
10.886549 1026664.047002
10.895259 1020770.747135
10.903970 1014849.081128
10.912680 1008899.155527
10.921391 1002921.078477
10.930102 996914.959728
10.938812 990880.910632
10.947523 984819.044140
10.956234 978729.474801
10.964944 972612.318764
10.973655 966467.693771
10.982365 960295.719162
10.991076 954096.515866
10.999787 947870.206405
11.008497 941616.914891
11.017208 935336.767022
11.025918 929029.890082
11.034629 922696.412938
11.043340 916336.466039
11.052050 909950.181412
11.060761 903537.692662
11.069472 897099.134968
11.078182 890634.645080
11.086893 884144.361317
11.095603 877628.423568
11.104314 871086.973281
11.113025 864520.153470
11.121735 857928.108705
11.130446 851310.985110
11.139156 844668.930365
11.147867 838002.093696
11.156578 831310.625876
11.165288 824594.679222
11.173999 817854.407587
11.182710 811089.966363
11.191420 804301.512474
11.200131 797489.204370
11.208841 790653.202029
11.217552 783793.666948
11.226263 776910.762142
11.234973 770004.652140
11.243684 763075.502978
11.252394 756123.482199
11.261105 749148.758845
11.269816 742151.503457
11.278526 735131.888065
11.287237 728090.086190
11.295948 721026.272832
11.304658 713940.624472
11.313369 706833.319064
11.322079 699704.536031
11.330790 692554.456258
11.339501 685383.262092
11.348211 678191.137331
11.356922 670978.267223
11.365632 663744.838458
11.374343 656491.039166
11.383054 649217.058907
11.391764 641923.088671
11.400475 634609.320866
11.409186 627275.949318
11.417896 619923.169262
11.426607 612551.177339
11.435317 605160.171586
11.444028 597750.351433
11.452739 590321.917696
11.461449 582875.072570
11.470160 575410.019626
11.478870 567926.963799
11.487581 560426.111387
11.496292 552907.670043
11.505002 545371.848765
11.513713 537818.857893
11.522424 530248.909103
11.531134 522662.215396
11.539845 515058.991094
11.548555 507439.451833
11.557266 499803.814554
11.565977 492152.297499
11.574687 484485.120199
11.583398 476802.503473
11.592108 469104.669413
11.600819 461391.841383
11.609530 453664.244009
11.618240 445922.103169
11.626951 438165.645989
11.635662 430395.100833
11.644372 422610.697296
11.653083 414812.666196
11.661793 407001.239563
11.670504 399176.650637
11.679215 391339.133852
11.687925 383488.924834
11.696636 375626.260391
11.705346 367751.378501
11.714057 359864.518310
11.722768 351965.920116
11.731478 344055.825365
11.740189 336134.476641
11.748900 328202.117658
11.757610 320258.993248
11.766321 312305.349356
11.775031 304341.433029
11.783742 296367.492404
11.792453 288383.776705
11.801163 280390.536228
11.809874 272388.022333
11.818584 264376.487436
11.827295 256356.185000
11.836006 248327.369521
11.844716 240290.296524
11.853427 232245.222547
11.862138 224192.405137
11.870848 216132.102837
11.879559 208064.575175
11.888269 199990.082657
11.896980 191908.886754
11.905691 183821.249893
11.914401 175727.435447
11.923112 167627.707723
11.931822 159522.331953
11.940533 151411.574285
11.949244 143295.701767
11.957954 135174.982342
11.966665 127049.684834
11.975376 118920.078940
11.984086 110786.435214
11.992797 102649.025062
12.001507 94508.120727
12.010218 86363.995280
12.018929 78216.922606
12.027639 70067.177398
12.036350 61915.035138
12.045060 53760.772094
12.053771 45604.665302
12.062482 37446.992559
12.071192 29288.032407
12.079903 21128.064127
12.088614 12967.367722
12.097324 4806.223907
12.106035 -3355.085902
12.114745 -11516.279598
12.123456 -19677.074402
12.132167 -27837.186866
12.140877 -35996.332891
12.149588 -44154.227739
12.158298 -52310.586041
12.167009 -60465.121815
12.175720 -68617.548473
12.184430 -76767.578837
12.193141 -84914.925149
12.201852 -93059.299087
12.210562 -101200.411772
12.219273 -109337.973787
12.227983 -117471.695184
12.236694 -125601.285501
12.245405 -133726.453772
12.254115 -141846.908541
12.262826 -149962.357875
12.271536 -158072.509376
12.280247 -166177.070197
12.288958 -174275.747049
12.297668 -182368.246220
12.306379 -190454.273587
12.315090 -198533.534626
12.323800 -206605.734428
12.332511 -214670.577713
12.341221 -222727.768840
12.349932 -230777.011825
12.358643 -238818.010349
12.367353 -246850.467777
12.376064 -254874.087167
12.384774 -262888.571287
12.393485 -270893.622627
12.402196 -278888.943411
12.410906 -286874.235615
12.419617 -294849.200977
12.428328 -302813.541013
12.437038 -310766.957028
12.445749 -318709.150135
12.454459 -326639.821262
12.463170 -334558.671173
12.471881 -342465.400478
12.480591 -350359.709647
12.489302 -358241.299025
12.498012 -366109.868846
12.506723 -373965.119248
12.515434 -381806.750286
12.524144 -389634.461946
12.532855 -397447.954161
12.541566 -405246.926824
12.550276 -413031.079801
12.558987 -420800.112949
12.567697 -428553.726127
12.576408 -436291.619212
12.585119 -444013.492113
12.593829 -451719.044786
12.602540 -459407.977248
12.611250 -467079.989592
12.619961 -474734.782002
12.628672 -482372.054765
12.637382 -489991.508289
12.646093 -497592.843116
12.654804 -505175.759936
12.663514 -512739.959605
12.672225 -520285.143154
12.680935 -527811.011810
12.689646 -535317.267007
12.698357 -542803.610400
12.707067 -550269.743883
12.715778 -557715.369602
12.724488 -565140.189971
12.733199 -572543.907685
12.741910 -579926.225736
12.750620 -587286.847427
12.759331 -594625.476391
12.768042 -601941.816598
12.776752 -609235.572378
12.785463 -616506.448432
12.794173 -623754.149847
12.802884 -630978.382111
12.811595 -638178.851130
12.820305 -645355.263241
12.829016 -652507.325227
12.837726 -659634.744333
12.846437 -666737.228282
12.855148 -673814.485285
12.863858 -680866.224065
12.872569 -687892.153862
12.881280 -694891.984456
12.889990 -701865.426178
12.898701 -708812.189925
12.907411 -715731.987178
12.916122 -722624.530013
12.924833 -729489.531120
12.933543 -736326.703816
12.942254 -743135.762060
12.950964 -749916.420468
12.959675 -756668.394330
12.968386 -763391.399623
12.977096 -770085.153025
12.985807 -776749.371934
12.994518 -783383.774480
13.003228 -789988.079540
13.011939 -796562.006756
13.020649 -803105.276545
13.029360 -809617.610120
13.038071 -816098.729499
13.046781 -822548.357525
13.055492 -828966.217879
13.064203 -835352.035094
13.072913 -841705.534570
13.081624 -848026.442592
13.090334 -854314.486341
13.099045 -860569.393912
13.107756 -866790.894328
13.116466 -872978.717551
13.125177 -879132.594506
13.133887 -885252.257085
13.142598 -891337.438170
13.151309 -897387.871644
13.160019 -903403.292407
13.168730 -909383.436390
13.177441 -915328.040571
13.186151 -921236.842987
13.194862 -927109.582753
13.203572 -932946.000073
13.212283 -938745.836255
13.220994 -944508.833729
13.229704 -950234.736057
13.238415 -955923.287951
13.247125 -961574.235285
13.255836 -967187.325112
13.264547 -972762.305676
13.273257 -978298.926428
13.281968 -983796.938042
13.290679 -989256.092423
13.299389 -994676.142731
13.308100 -1000056.843385
13.316810 -1005397.950087
13.325521 -1010699.219827
13.334232 -1015960.410906
13.342942 -1021181.282943
13.351653 -1026361.596893
13.360363 -1031501.115059
13.369074 -1036599.601110
13.377785 -1041656.820088
13.386495 -1046672.538428
13.395206 -1051646.523972
13.403917 -1056578.545977
13.412627 -1061468.375135
13.421338 -1066315.783582
13.430048 -1071120.544918
13.438759 -1075882.434213
13.447470 -1080601.228025
13.456180 -1085276.704415
13.464891 -1089908.642956
13.473601 -1094496.824750
13.482312 -1099041.032440
13.491023 -1103541.050223
13.499733 -1107996.663866
13.508444 -1112407.660715
13.517155 -1116773.829711
13.525865 -1121094.961403
13.534576 -1125370.847960
13.543286 -1129601.283185
13.551997 -1133786.062528
13.560708 -1137924.983098
13.569418 -1142017.843676
13.578129 -1146064.444728
13.586839 -1150064.588419
13.595550 -1154018.078624
13.604261 -1157924.720941
13.612971 -1161784.322702
13.621682 -1165596.692991
13.630393 -1169361.642648
13.639103 -1173078.984288
13.647814 -1176748.532312
13.656524 -1180370.102917
13.665235 -1183943.514110
13.673946 -1187468.585718
13.682656 -1190945.139403
13.691367 -1194372.998672
13.700077 -1197751.988889
13.708788 -1201081.937287
13.717499 -1204362.672979
13.726209 -1207594.026972
13.734920 -1210775.832175
13.743631 -1213907.923414
13.752341 -1216990.137439
13.761052 -1220022.312941
13.769762 -1223004.290558
13.778473 -1225935.912890
13.787184 -1228817.024507
13.795894 -1231647.471963
13.804605 -1234427.103803
13.813315 -1237155.770579
13.822026 -1239833.324856
13.830737 -1242459.621225
13.839447 -1245034.516314
13.848158 -1247557.868795
13.856869 -1250029.539402
13.865579 -1252449.390930
13.874290 -1254817.288258
13.883000 -1257133.098348
13.891711 -1259396.690263
13.900422 -1261607.935170
13.909132 -1263766.706359
13.917843 -1265872.879242
13.926553 -1267926.331373
13.935264 -1269926.942448
13.943975 -1271874.594323
13.952685 -1273769.171018
13.961396 -1275610.558729
13.970107 -1277398.645835
13.978817 -1279133.322908
13.987528 -1280814.482725
13.996238 -1282442.020271
14.004949 -1284015.832754
14.013660 -1285535.819609
14.022370 -1287001.882509
14.031081 -1288413.925374
14.039791 -1289771.854377
14.048502 -1291075.577956
14.057213 -1292325.006818
14.065923 -1293520.053950
14.074634 -1294660.634626
14.083345 -1295746.666416
14.092055 -1296778.069193
14.100766 -1297754.765141
14.109476 -1298676.678760
14.118187 -1299543.736879
14.126898 -1300355.868658
14.135608 -1301113.005600
14.144319 -1301815.081554
14.153029 -1302462.032723
14.161740 -1303053.797675
14.170451 -1303590.317343
14.179161 -1304071.535040
14.187872 -1304497.396456
14.196583 -1304867.849673
14.205293 -1305182.845168
14.214004 -1305442.335817
14.222714 -1305646.276907
14.231425 -1305794.626135
14.240136 -1305887.343622
14.248846 -1305924.391910
14.257557 -1305905.735975
14.266267 -1305831.343229
14.274978 -1305701.183527
14.283689 -1305515.229171
14.292399 -1305273.454916
14.301110 -1304975.837976
14.309821 -1304622.358029
14.318531 -1304212.997218
14.327242 -1303747.740162
14.335952 -1303226.573957
14.344663 -1302649.488181
14.353374 -1302016.474898
14.362084 -1301327.528665
14.370795 -1300582.646531
14.379505 -1299781.828049
14.388216 -1298925.075270
14.396927 -1298012.392756
14.405637 -1297043.787578
14.414348 -1296019.269322
14.423059 -1294938.850093
14.431769 -1293802.544515
14.440480 -1292610.369737
14.449190 -1291362.345438
14.457901 -1290058.493825
14.466612 -1288698.839639
14.475322 -1287283.410158
14.484033 -1285812.235197
14.492743 -1284285.347114
14.501454 -1282702.780810
14.510165 -1281064.573731
14.518875 -1279370.765872
14.527586 -1277621.399776
14.536297 -1275816.520541
14.545007 -1273956.175815
14.553718 -1272040.415802
14.562428 -1270069.293263
14.571139 -1268042.863516
14.579850 -1265961.184438
14.588560 -1263824.316467
14.597271 -1261632.322601
14.605981 -1259385.268399
14.614692 -1257083.221983
14.623403 -1254726.254038
14.632113 -1252314.437812
14.640824 -1249847.849117
14.649535 -1247326.566329
14.658245 -1244750.670386
14.666956 -1242120.244791
14.675666 -1239435.375610
14.684377 -1236696.151473
14.693088 -1233902.663571
14.701798 -1231055.005656
14.710509 -1228153.274044
14.719219 -1225197.567608
14.727930 -1222187.987781
14.736641 -1219124.638556
14.745351 -1216007.626478
14.754062 -1212837.060652
14.762773 -1209613.052732
14.771483 -1206335.716928
14.780194 -1203005.169996
14.788904 -1199621.531243
14.797615 -1196184.922520
14.806326 -1192695.468221
14.815036 -1189153.295283
14.823747 -1185558.533181
14.832457 -1181911.313924
14.841168 -1178211.772058
14.849879 -1174460.044654
14.858589 -1170656.271316
14.867300 -1166800.594167
14.876011 -1162893.157852
14.884721 -1158934.109535
14.893432 -1154923.598891
14.902142 -1150861.778107
14.910853 -1146748.801873
14.919564 -1142584.827383
14.928274 -1138370.014329
14.936985 -1134104.524894
14.945695 -1129788.523753
14.954406 -1125422.178063
14.963117 -1121005.657461
14.971827 -1116539.134060
14.980538 -1112022.782443
14.989249 -1107456.779657
14.997959 -1102841.305208
15.006670 -1098176.541058
15.015380 -1093462.671616
15.024091 -1088699.883734
15.032802 -1083888.366704
15.041512 -1079028.312246
15.050223 -1074119.914507
15.058933 -1069163.370053
15.067644 -1064158.877863
15.076355 -1059106.639322
15.085065 -1054006.858215
15.093776 -1048859.740720
15.102487 -1043665.495402
15.111197 -1038424.333203
15.119908 -1033136.467440
15.128618 -1027802.113793
15.137329 -1022421.490301
15.146040 -1016994.817351
15.154750 -1011522.317674
15.163461 -1006004.216336
15.172171 -1000440.740728
15.180882 -994832.120559
15.189593 -989178.587852
15.198303 -983480.376929
15.207014 -977737.724407
15.215725 -971950.869187
15.224435 -966120.052447
15.233146 -960245.517634
15.241856 -954327.510451
15.250567 -948366.278853
15.259278 -942362.073033
15.267988 -936315.145417
15.276699 -930225.750652
15.285409 -924094.145595
15.294120 -917920.589307
15.302831 -911705.343042
15.311541 -905448.670234
15.320252 -899150.836490
15.328963 -892812.109580
15.337673 -886432.759424
15.346384 -880013.058085
15.355094 -873553.279753
15.363805 -867053.700740
15.372516 -860514.599468
15.381226 -853936.256454
15.389937 -847318.954302
15.398647 -840662.977694
15.407358 -833968.613373
15.416069 -827236.150135
15.424779 -820465.878819
15.433490 -813658.092291
15.442201 -806813.085435
15.450911 -799931.155140
15.459622 -793012.600287
15.468332 -786057.721742
15.477043 -779066.822335
15.485754 -772040.206854
15.494464 -764978.182031
15.503175 -757881.056527
15.511885 -750749.140925
15.520596 -743582.747708
15.529307 -736382.191255
15.538017 -729147.787820
15.546728 -721879.855528
15.555439 -714578.714350
15.564149 -707244.686100
15.572860 -699878.094415
15.581570 -692479.264744
15.590281 -685048.524333
15.598992 -677586.202211
15.607702 -670092.629178
15.616413 -662568.137787
15.625123 -655013.062334
15.633834 -647427.738838
15.642545 -639812.505035
15.651255 -632167.700352
15.659966 -624493.665904
15.668677 -616790.744471
15.677387 -609059.280486
15.686098 -601299.620020
15.694808 -593512.110766
15.703519 -585697.102024
15.712230 -577854.944686
15.720940 -569985.991221
15.729651 -562090.595659
15.738361 -554169.113573
15.747072 -546221.902068
15.755783 -538249.319759
15.764493 -530251.726762
15.773204 -522229.484672
15.781915 -514182.956549
15.790625 -506112.506904
15.799336 -498018.501678
15.808046 -489901.308229
15.816757 -481761.295315
15.825468 -473598.833076
15.834178 -465414.293017
15.842889 -457208.047995
15.851599 -448980.472196
15.860310 -440731.941122
15.869021 -432462.831576
15.877731 -424173.521636
15.886442 -415864.390649
15.895153 -407535.819205
15.903863 -399188.189123
15.912574 -390821.883435
15.921284 -382437.286362
15.929995 -374034.783306
15.938706 -365614.760822
15.947416 -357177.606608
15.956127 -348723.709483
15.964837 -340253.459369
15.973548 -331767.247275
15.982259 -323265.465276
15.990969 -314748.506498
15.999680 -306216.765094
16.008391 -297670.636234
16.017101 -289110.516079
16.025812 -280536.801765
16.034522 -271949.891384
16.043233 -263350.183968
16.051944 -254738.079464
16.060654 -246113.978723
16.069365 -237478.283474
16.078075 -228831.396307
16.086786 -220173.720659
16.095497 -211505.660785
16.104207 -202827.621747
16.112918 -194140.009394
16.121629 -185443.230335
16.130339 -176737.691931
16.139050 -168023.802264
16.147760 -159301.970127
16.156471 -150572.604998
16.165182 -141836.117024
16.173892 -133092.916998
16.182603 -124343.416343
16.191313 -115588.027088
16.200024 -106827.161853
16.208735 -98061.233823
16.217445 -89290.656732
16.226156 -80515.844843
16.234867 -71737.212927
16.243577 -62955.176241
16.252288 -54170.150510
16.260998 -45382.551907
16.269709 -36592.797031
16.278420 -27801.302887
16.287130 -19008.486866
16.295841 -10214.766726
16.304551 -1420.560566
16.313262 7373.713186
16.321973 16167.635802
16.330683 24960.788270
16.339394 33752.751315
16.348105 42543.105420
16.356815 51331.430850
16.365526 60117.307667
16.374236 68900.315755
16.382947 77680.034842
16.391658 86456.044515
16.400368 95227.924247
16.409079 103995.253414
16.417789 112757.611321
16.426500 121514.577216
16.435211 130265.730317
16.443921 139010.649830
16.452632 147748.914972
16.461343 156480.104988
16.470053 165203.799181
16.478764 173919.576922
16.487474 182627.017680
16.496185 191325.701039
16.504896 200015.206721
16.513606 208695.114604
16.522317 217365.004749
16.531027 226024.457416
16.539738 234673.053089
16.548449 243310.372494
16.557159 251935.996624
16.565870 260549.506757
16.574581 269150.484479
16.583291 277738.511705
16.592002 286313.170703
16.600712 294874.044110
16.609423 303420.714957
16.618134 311952.766691
16.626844 320469.783195
16.635555 328971.348807
16.644265 337457.048348
16.652976 345926.467136
16.661687 354379.191013
16.670397 362814.806363
16.679108 371232.900134
16.687819 379633.059863
16.696529 388014.873691
16.705240 396377.930388
16.713950 404721.819377
16.722661 413046.130750
16.731372 421350.455292
16.740082 429634.384503
16.748793 437897.510617
16.757503 446139.426627
16.766214 454359.726302
16.774925 462558.004211
16.783635 470733.855745
16.792346 478886.877134
16.801057 487016.665474
16.809767 495122.818743
16.818478 503204.935827
16.827188 511262.616535
16.835899 519295.461626
16.844610 527303.072828
16.853320 535285.052858
16.862031 543241.005445
16.870741 551170.535348
16.879452 559073.248381
16.888163 566948.751430
16.896873 574796.652477
16.905584 582616.560619
16.914295 590408.086091
16.923005 598170.840283
16.931716 605904.435765
16.940426 613608.486305
16.949137 621282.606890
16.957848 628926.413747
16.966558 636539.524366
16.975269 644121.557516
16.983979 651672.133269
16.992690 659190.873019
17.001401 666677.399502
17.010111 674131.336818
17.018822 681552.310450
17.027533 688939.947286
17.036243 696293.875636
17.044954 703613.725256
17.053664 710899.127364
17.062375 718149.714663
17.071086 725365.121363
17.079796 732544.983195
17.088507 739688.937435
17.097217 746796.622923
17.105928 753867.680083
17.114639 760901.750943
17.123349 767898.479153
17.132060 774857.510005
17.140771 781778.490455
17.149481 788661.069140
17.158192 795504.896397
17.166902 802309.624285
17.175613 809074.906600
17.184324 815800.398899
17.193034 822485.758516
17.201745 829130.644581
17.210455 835734.718040
17.219166 842297.641676
17.227877 848819.080121
17.236587 855298.699882
17.245298 861736.169357
17.254009 868131.158851
17.262719 874483.340599
17.271430 880792.388781
17.280140 887057.979541
17.288851 893279.791006
17.297562 899457.503305
17.306272 905590.798584
17.314983 911679.361027
17.323693 917722.876872
17.332404 923721.034429
17.341115 929673.524100
17.349825 935580.038391
17.358536 941440.271938
17.367247 947253.921515
17.375957 953020.686059
17.384668 958740.266683
17.393378 964412.366694
17.402089 970036.691611
17.410800 975612.949181
17.419510 981140.849394
17.428221 986620.104506
17.436931 992050.429046
17.445642 997431.539842
17.454353 1002763.156031
17.463063 1008044.999078
17.471774 1013276.792793
17.480485 1018458.263344
17.489195 1023589.139275
17.497906 1028669.151522
17.506616 1033698.033429
17.515327 1038675.520762
17.524038 1043601.351726
17.532748 1048475.266979
17.541459 1053297.009651
17.550169 1058066.325353
17.558880 1062782.962197
17.567591 1067446.670810
17.576301 1072057.204348
17.585012 1076614.318509
17.593723 1081117.771554
17.602433 1085567.324312
17.611144 1089962.740203
17.619854 1094303.785247
17.628565 1098590.228080
17.637276 1102821.839967
17.645986 1106998.394819
17.654697 1111119.669201
17.663407 1115185.442351
17.672118 1119195.496190
17.680829 1123149.615339
17.689539 1127047.587127
17.698250 1130889.201608
17.706961 1134674.251573
17.715671 1138402.532564
17.724382 1142073.842883
17.733092 1145687.983608
17.741803 1149244.758605
17.750514 1152743.974538
17.759224 1156185.440884
17.767935 1159568.969943
17.776645 1162894.376851
17.785356 1166161.479592
17.794067 1169370.099007
17.802777 1172520.058809
17.811488 1175611.185591
17.820199 1178643.308840
17.828909 1181616.260947
17.837620 1184529.877217
17.846330 1187383.995879
17.855041 1190178.458100
17.863752 1192913.107993
17.872462 1195587.792627
17.881173 1198202.362038
17.889884 1200756.669237
17.898594 1203250.570226
17.907305 1205683.923999
17.916015 1208056.592557
17.924726 1210368.440916
17.933437 1212619.337119
17.942147 1214809.152238
17.950858 1216937.760391
17.959568 1219005.038746
17.968279 1221010.867530
17.976990 1222955.130039
17.985700 1224837.712646
17.994411 1226658.504809
18.003122 1228417.399076
18.011832 1230114.291099
18.020543 1231749.079637
18.029253 1233321.666564
18.037964 1234831.956877
18.046675 1236279.858706
18.055385 1237665.283314
18.064096 1238988.145112
18.072806 1240248.361660
18.081517 1241445.853676
18.090228 1242580.545043
18.098938 1243652.362812
18.107649 1244661.237212
18.116360 1245607.101652
18.125070 1246489.892732
18.133781 1247309.550243
18.142491 1248066.017176
18.151202 1248759.239725
18.159913 1249389.167294
18.168623 1249955.752500
18.177334 1250458.951181
18.186044 1250898.722396
18.194755 1251275.028434
18.203466 1251587.834813
18.212176 1251837.110291
18.220887 1252022.826862
18.229598 1252144.959767
18.238308 1252203.487492
18.247019 1252198.391776
18.255729 1252129.657608
18.264440 1251997.273239
18.273151 1251801.230176
18.281861 1251541.523190
18.290572 1251218.150316
18.299282 1250831.112859
18.307993 1250380.415390
18.316704 1249866.065754
18.325414 1249288.075070
18.334125 1248646.457730
18.342836 1247941.231405
18.351546 1247172.417040
18.360257 1246340.038864
18.368967 1245444.124383
18.377678 1244484.704385
18.386389 1243461.812939
18.395099 1242375.487395
18.403810 1241225.768388
18.412520 1240012.699832
18.421231 1238736.328925
18.429942 1237396.706148
18.438652 1235993.885261
18.447363 1234527.923306
18.456074 1232998.880606
18.464784 1231406.820763
18.473495 1229751.810655
18.482205 1228033.920439
18.490916 1226253.223546
18.499627 1224409.796682
18.508337 1222503.719822
18.517048 1220535.076215
18.525758 1218503.952373
18.534469 1216410.438075
18.543180 1214254.626364
18.551890 1212036.613541
18.560601 1209756.499164
18.569312 1207414.386045
18.578022 1205010.380248
18.586733 1202544.591082
18.595443 1200017.131101
18.604154 1197428.116099
18.612865 1194777.665104
18.621575 1192065.900378
18.630286 1189292.947408
18.638996 1186458.934906
18.647707 1183563.994800
18.656418 1180608.262232
18.665128 1177591.875554
18.673839 1174514.976319
18.682550 1171377.709279
18.691260 1168180.222376
18.699971 1164922.666740
18.708681 1161605.196683
18.717392 1158227.969688
18.726103 1154791.146408
18.734813 1151294.890657
18.743524 1147739.369406
18.752234 1144124.752772
18.760945 1140451.214014
18.769656 1136718.929525
18.778366 1132928.078826
18.787077 1129078.844555
18.795788 1125171.412465
18.804498 1121205.971411
18.813209 1117182.713343
18.821919 1113101.833301
18.830630 1108963.529402
18.839341 1104768.002836
18.848051 1100515.457854
18.856762 1096206.101759
18.865472 1091840.144901
18.874183 1087417.800664
18.882894 1082939.285457
18.891604 1078404.818704
18.900315 1073814.622839
18.909026 1069168.923289
18.917736 1064467.948469
18.926447 1059711.929769
18.935157 1054901.101548
18.943868 1050035.701116
18.952579 1045115.968730
18.961289 1040142.147580
18.970000 1035114.483779
18.978710 1030033.226350
18.987421 1024898.627219
18.996132 1019710.941196
19.004842 1014470.425970
19.013553 1009177.342096
19.022264 1003831.952979
19.030974 998434.524866
19.039685 992985.326832
19.048395 987484.630767
19.057106 981932.711364
19.065817 976329.846107
19.074527 970676.315255
19.083238 964972.401833
19.091948 959218.391614
19.100659 953414.573109
19.109370 947561.237553
19.118080 941658.678890
19.126791 935707.193759
19.135502 929707.081481
19.144212 923658.644042
19.152923 917562.186084
19.161633 911418.014884
19.170344 905226.440343
19.179055 898987.774972
19.187765 892702.333874
19.196476 886370.434729
19.205186 879992.397781
19.213897 873568.545822
19.222608 867099.204173
19.231318 860584.700674
19.240029 854025.365662
19.248740 847421.531959
19.257450 840773.534855
19.266161 834081.712089
19.274871 827346.403836
19.283582 820567.952690
19.292293 813746.703643
19.301003 806883.004075
19.309714 799977.203728
19.318424 793029.654698
19.327135 786040.711411
19.335846 779010.730609
19.344556 771940.071330
19.353267 764829.094893
19.361978 757678.164876
19.370688 750487.647102
19.379399 743257.909619
19.388109 735989.322681
19.396820 728682.258731
19.405531 721337.092381
19.414241 713954.200395
19.422952 706533.961668
19.431662 699076.757207
19.440373 691582.970117
19.449084 684052.985573
19.457794 676487.190808
19.466505 668885.975090
19.475216 661249.729704
19.483926 653578.847930
19.492637 645873.725026
19.501347 638134.758204
19.510058 630362.346617
19.518769 622556.891329
19.527479 614718.795304
19.536190 606848.463379
19.544900 598946.302246
19.553611 591012.720432
19.562322 583048.128277
19.571032 575052.937913
19.579743 567027.563244
19.588454 558972.419923
19.597164 550887.925332
19.605875 542774.498561
19.614585 534632.560387
19.623296 526462.533250
19.632007 518264.841233
19.640717 510039.910040
19.649428 501788.166974
19.658138 493510.040917
19.666849 485205.962302
19.675560 476876.363097
19.684270 468521.676783
19.692981 460142.338323
19.701692 451738.784152
19.710402 443311.452144
19.719113 434860.781593
19.727823 426387.213193
19.736534 417891.189012
19.745245 409373.152468
19.753955 400833.548309
19.762666 392272.822589
19.771376 383691.422643
19.780087 375089.797066
19.788798 366468.395688
19.797508 357827.669550
19.806219 349168.070885
19.814930 340490.053087
19.823640 331794.070693
19.832351 323080.579359
19.841061 314350.035831
19.849772 305602.897927
19.858483 296839.624511
19.867193 288060.675466
19.875904 279266.511675
19.884614 270457.594991
19.893325 261634.388220
19.902036 252797.355089
19.910746 243946.960226
19.919457 235083.669134
19.928168 226207.948168
19.936878 217320.264508
19.945589 208421.086136
19.954299 199510.881811
19.963010 190590.121045
19.971721 181659.274074
19.980431 172718.811839
19.989142 163769.205958
19.997852 154810.928700
20.006563 145844.452961
20.015274 136870.252241
20.023984 127888.800614
20.032695 118900.572707
20.041406 109906.043675
20.050116 100905.689170
20.058827 91899.985322
20.067537 82889.408711
20.076248 73874.436343
20.084959 64855.545619
20.093669 55833.214318
20.102380 46807.920566
20.111090 37780.142810
20.119801 28750.359795
20.128512 19719.050537
20.137222 10686.694298
20.145933 1653.770559
20.154644 -7379.241003
20.163354 -16411.860547
20.172065 -25443.608085
20.180775 -34474.003515
20.189486 -43502.566643
20.198197 -52528.817212
20.206907 -61552.274923
20.215618 -70572.459468
20.224328 -79588.890548
20.233039 -88601.087904
20.241750 -97608.571344
20.250460 -106610.860764
20.259171 -115607.476178
20.267882 -124597.937743
20.276592 -133581.765784
20.285303 -142558.480821
20.294013 -151527.603595
20.302724 -160488.655095
20.311435 -169441.156580
20.320145 -178384.629610
20.328856 -187318.596071
20.337566 -196242.578196
20.346277 -205156.098599
20.354988 -214058.680295
20.363698 -222949.846728
20.372409 -231829.121797
20.381120 -240696.029883
20.389830 -249550.095873
20.398541 -258390.845188
20.407251 -267217.803805
20.415962 -276030.498290
20.424673 -284828.455816
20.433383 -293611.204195
20.442094 -302378.271902
20.450804 -311129.188098
20.459515 -319863.482659
20.468226 -328580.686204
20.476936 -337280.330114
20.485647 -345961.946563
20.494358 -354625.068544
20.503068 -363269.229891
20.511779 -371893.965308
20.520489 -380498.810393
20.529200 -389083.301665
20.537911 -397646.976587
20.546621 -406189.373594
20.555332 -414710.032119
20.564042 -423208.492615
20.572753 -431684.296584
20.581464 -440136.986601
20.590174 -448566.106339
20.598885 -456971.200595
20.607596 -465351.815314
20.616306 -473707.497616
20.625017 -482037.795820
20.633727 -490342.259469
20.642438 -498620.439357
20.651149 -506871.887549
20.659859 -515096.157413
20.668570 -523292.803640
20.677280 -531461.382268
20.685991 -539601.450711
20.694702 -547712.567782
20.703412 -555794.293715
20.712123 -563846.190194
20.720834 -571867.820373
20.729544 -579858.748904
20.738255 -587818.541960
20.746965 -595746.767258
20.755676 -603642.994087
20.764387 -611506.793328
20.773097 -619337.737480
20.781808 -627135.400684
20.790518 -634899.358748
20.799229 -642629.189167
20.807940 -650324.471151
20.816650 -657984.785647
20.825361 -665609.715364
20.834072 -673198.844793
20.842782 -680751.760233
20.851493 -688268.049816
20.860203 -695747.303527
20.868914 -703189.113227
20.877625 -710593.072681
20.886335 -717958.777575
20.895046 -725285.825542
20.903756 -732573.816185
20.912467 -739822.351099
20.921178 -747031.033893
20.929888 -754199.470213
20.938599 -761327.267766
20.947310 -768414.036340
20.956020 -775459.387827
20.964731 -782462.936246
20.973441 -789424.297762
20.982152 -796343.090714
20.990863 -803218.935630
20.999573 -810051.455253
21.008284 -816840.274561
21.016994 -823585.020788
21.025705 -830285.323446
21.034416 -836940.814348
21.043126 -843551.127626
21.051837 -850115.899754
21.060548 -856634.769568
21.069258 -863107.378286
21.077969 -869533.369532
21.086679 -875912.389353
21.095390 -882244.086240
21.104101 -888528.111151
21.112811 -894764.117526
21.121522 -900951.761313
21.130232 -907090.700985
21.138943 -913180.597556
21.147654 -919221.114610
21.156364 -925211.918310
21.165075 -931152.677426
21.173786 -937043.063347
21.182496 -942882.750108
21.191207 -948671.414401
21.199917 -954408.735599
21.208628 -960094.395773
21.217339 -965728.079711
21.226049 -971309.474935
21.234760 -976838.271723
21.243470 -982314.163122
21.252181 -987736.844969
21.260892 -993106.015910
21.269602 -998421.377414
21.278313 -1003682.633794
21.287024 -1008889.492224
21.295734 -1014041.662752
21.304445 -1019138.858323
21.313155 -1024180.794794
21.321866 -1029167.190949
21.330577 -1034097.768515
21.339287 -1038972.252184
21.347998 -1043790.369624
21.356708 -1048551.851495
21.365419 -1053256.431469
21.374130 -1057903.846245
21.382840 -1062493.835559
21.391551 -1067026.142209
21.400262 -1071500.512061
21.408972 -1075916.694072
21.417683 -1080274.440300
21.426393 -1084573.505920
21.435104 -1088813.649240
21.443815 -1092994.631716
21.452525 -1097116.217962
21.461236 -1101178.175771
21.469946 -1105180.276123
21.478657 -1109122.293202
21.487368 -1113004.004410
21.496078 -1116825.190378
21.504789 -1120585.634983
21.513500 -1124285.125357
21.522210 -1127923.451904
21.530921 -1131500.408310
21.539631 -1135015.791557
21.548342 -1138469.401936
21.557053 -1141861.043057
21.565763 -1145190.521865
21.574474 -1148457.648646
21.583184 -1151662.237046
21.591895 -1154804.104077
21.600606 -1157883.070133
21.609316 -1160898.958994
21.618027 -1163851.597846
21.626738 -1166740.817286
21.635448 -1169566.451335
21.644159 -1172328.337446
21.652869 -1175026.316518
21.661580 -1177660.232903
21.670291 -1180229.934419
21.679001 -1182735.272356
21.687712 -1185176.101487
21.696422 -1187552.280081
21.705133 -1189863.669905
21.713844 -1192110.136241
21.722554 -1194291.547888
21.731265 -1196407.777174
21.739976 -1198458.699965
21.748686 -1200444.195671
21.757397 -1202364.147256
21.766107 -1204218.441244
21.774818 -1206006.967729
21.783529 -1207729.620379
21.792239 -1209386.296447
21.800950 -1210976.896776
21.809660 -1212501.325806
21.818371 -1213959.491582
21.827082 -1215351.305757
21.835792 -1216676.683603
21.844503 -1217935.544014
21.853214 -1219127.809511
21.861924 -1220253.406252
21.870635 -1221312.264033
21.879345 -1222304.316295
21.888056 -1223229.500130
21.896767 -1224087.756283
21.905477 -1224879.029162
21.914188 -1225603.266835
21.922898 -1226260.421042
21.931609 -1226850.447192
21.940320 -1227373.304374
21.949030 -1227828.955352
21.957741 -1228217.366579
21.966452 -1228538.508190
21.975162 -1228792.354012
21.983873 -1228978.881563
21.992583 -1229098.072058
22.001294 -1229149.910408
22.010005 -1229134.385225
22.018715 -1229051.488820
22.027426 -1228901.217210
22.036136 -1228683.570118
22.044847 -1228398.550971
22.053558 -1228046.166906
22.062268 -1227626.428766
22.070979 -1227139.351106
22.079690 -1226584.952191
22.088400 -1225963.253995
22.097111 -1225274.282203
22.105821 -1224518.066211
22.114532 -1223694.639126
22.123243 -1222804.037763
22.131953 -1221846.302647
22.140664 -1220821.478011
22.149374 -1219729.611797
22.158085 -1218570.755650
22.166796 -1217344.964921
22.175506 -1216052.298663
22.184217 -1214692.819631
22.192928 -1213266.594277
22.201638 -1211773.692749
22.210349 -1210214.188891
22.219059 -1208588.160236
22.227770 -1206895.688005
22.236481 -1205136.857105
22.245191 -1203311.756123
22.253902 -1201420.477324
22.262612 -1199463.116649
22.271323 -1197439.773706
22.280034 -1195350.551772
22.288744 -1193195.557783
22.297455 -1190974.902332
22.306166 -1188688.699666
22.314876 -1186337.067676
22.323587 -1183920.127897
22.332297 -1181438.005499
22.341008 -1178890.829282
22.349719 -1176278.731673
22.358429 -1173601.848716
22.367140 -1170860.320066
22.375850 -1168054.288987
22.384561 -1165183.902340
22.393272 -1162249.310579
22.401982 -1159250.667743
22.410693 -1156188.131448
22.419404 -1153061.862882
22.428114 -1149872.026795
22.436825 -1146618.791491
22.445535 -1143302.328822
22.454246 -1139922.814178
22.462957 -1136480.426477
22.471667 -1132975.348161
22.480378 -1129407.765181
22.489088 -1125777.866994
22.497799 -1122085.846549
22.506510 -1118331.900279
22.515220 -1114516.228093
22.523931 -1110639.033363
22.532642 -1106700.522915
22.541352 -1102700.907021
22.550063 -1098640.399386
22.558773 -1094519.217136
22.567484 -1090337.580811
22.576195 -1086095.714351
22.584905 -1081793.845085
22.593616 -1077432.203721
22.602326 -1073011.024333
22.611037 -1068530.544348
22.619748 -1063991.004538
22.628458 -1059392.649003
22.637169 -1054735.725161
22.645880 -1050020.483734
22.654590 -1045247.178739
22.663301 -1040416.067467
22.672011 -1035527.410481
22.680722 -1030581.471590
22.689433 -1025578.517847
22.698143 -1020518.819526
22.706854 -1015402.650114
22.715565 -1010230.286294
22.724275 -1005002.007932
22.732986 -999718.098060
22.741696 -994378.842866
22.750407 -988984.531673
22.759118 -983535.456929
22.767828 -978031.914190
22.776539 -972474.202103
22.785249 -966862.622393
22.793960 -961197.479843
22.802671 -955479.082285
22.811381 -949707.740577
22.820092 -943883.768588
22.828803 -938007.483187
22.837513 -932079.204218
22.846224 -926099.254489
22.854934 -920067.959752
22.863645 -913985.648688
22.872356 -907852.652888
22.881066 -901669.306836
22.889777 -895435.947890
22.898487 -889152.916266
22.907198 -882820.555019
22.915909 -876439.210024
22.924619 -870009.229961
22.933330 -863530.966291
22.942041 -857004.773241
22.950751 -850431.007784
22.959462 -843810.029621
22.968172 -837142.201158
22.976883 -830427.887493
22.985594 -823667.456391
22.994304 -816861.278265
23.003015 -810009.726160
23.011725 -803113.175728
23.020436 -796172.005211
23.029147 -789186.595418
23.037857 -782157.329709
23.046568 -775084.593969
23.055279 -767968.776591
23.063989 -760810.268453
23.072700 -753609.462897
23.081410 -746366.755712
23.090121 -739082.545103
23.098832 -731757.231681
23.107542 -724391.218433
23.116253 -716984.910703
23.124963 -709538.716170
23.133674 -702053.044826
23.142385 -694528.308955
23.151095 -686964.923106
23.159806 -679363.304076
23.168517 -671723.870886
23.177227 -664047.044753
23.185938 -656333.249076
23.194648 -648582.909404
23.203359 -640796.453421
23.212070 -632974.310915
23.220780 -625116.913760
23.229491 -617224.695891
23.238201 -609298.093278
23.246912 -601337.543907
23.255623 -593343.487750
23.264333 -585316.366746
23.273044 -577256.624773
23.281755 -569164.707628
23.290465 -561041.062998
23.299176 -552886.140438
23.307886 -544700.391346
23.316597 -536484.268939
23.325308 -528238.228224
23.334018 -519962.725980
23.342729 -511658.220726
23.351439 -503325.172700
23.360150 -494964.043833
23.368861 -486575.297721
23.377571 -478159.399604
23.386282 -469716.816336
23.394993 -461248.016362
23.403703 -452753.469689
23.412414 -444233.647866
23.421124 -435689.023950
23.429835 -427120.072488
23.438546 -418527.269483
23.447256 -409911.092374
23.455967 -401272.020007
23.464677 -392610.532607
23.473388 -383927.111754
23.482099 -375222.240354
23.490809 -366496.402616
23.499520 -357750.084019
23.508231 -348983.771292
23.516941 -340197.952382
23.525652 -331393.116427
23.534362 -322569.753734
23.543073 -313728.355745
23.551784 -304869.415014
23.560494 -295993.425178
23.569205 -287100.880930
23.577915 -278192.277991
23.586626 -269268.113083
23.595337 -260328.883901
23.604047 -251375.089084
23.612758 -242407.228190
23.621469 -233425.801667
23.630179 -224431.310823
23.638890 -215424.257799
23.647600 -206405.145544
23.656311 -197374.477783
23.665022 -188332.758990
23.673732 -179280.494360
23.682443 -170218.189782
23.691153 -161146.351808
23.699864 -152065.487627
23.708575 -142976.105034
23.717285 -133878.712406
23.725996 -124773.818667
23.734707 -115661.933267
23.743417 -106543.566147
23.752128 -97419.227713
23.760838 -88289.428807
23.769549 -79154.680681
23.778260 -70015.494963
23.786970 -60872.383631
23.795681 -51725.858986
23.804391 -42576.433621
23.813102 -33424.620390
23.821813 -24270.932386
23.830523 -15115.882903
23.839234 -5959.985415
23.847945 3196.246457
23.856655 12352.298974
23.865366 21507.658307
23.874076 30661.810564
23.882787 39814.241823
23.891498 48964.438160
23.900208 58111.885676
23.908919 67256.070528
23.917629 76396.478955
23.926340 85532.597314
23.935051 94663.912099
23.943761 103789.909980
23.952472 112910.077826
23.961183 122023.902735
23.969893 131130.872064
23.978604 140230.473459
23.987314 149322.194883
23.996025 158405.524643
24.004736 167479.951422
24.013446 176544.964307
24.022157 185600.052819
24.030867 194644.706940
24.039578 203678.417143
24.048289 212700.674422
24.056999 221710.970318
24.065710 230708.796953
24.074421 239693.647052
24.083131 248665.013980
24.091842 257622.391762
24.100552 266565.275120
24.109263 275493.159497
24.117974 284405.541086
24.126684 293301.916862
24.135395 302181.784606
24.144105 311044.642938
24.152816 319889.991342
24.161527 328717.330198
24.170237 337526.160808
24.178948 346315.985425
24.187659 355086.307283
24.196369 363836.630624
24.205080 372566.460727
24.213790 381275.303933
24.222501 389962.667681
24.231212 398628.060529
24.239922 407270.992184
24.248633 415890.973532
24.257343 424487.516665
24.266054 433060.134908
24.274765 441608.342848
24.283475 450131.656362
24.292186 458629.592645
24.300897 467101.670235
24.309607 475547.409045
24.318318 483966.330389
24.327028 492357.957007
24.335739 500721.813095
24.344450 509057.424333
24.353160 517364.317911
24.361871 525642.022556
24.370581 533890.068559
24.379292 542107.987804
24.388003 550295.313794
24.396713 558451.581675
24.405424 566576.328269
24.414135 574669.092095
24.422845 582729.413399
24.431556 590756.834178
24.440266 598750.898210
24.448977 606711.151077
24.457688 614637.140193
24.466398 622528.414829
24.475109 630384.526142
24.483819 638205.027198
24.492530 645989.472997
24.501241 653737.420504
24.509951 661448.428668
24.518662 669122.058454
24.527373 676757.872864
24.536083 684355.436963
24.544794 691914.317906
24.553504 699434.084963
24.562215 706914.309542
24.570926 714354.565216
24.579636 721754.427747
24.588347 729113.475111
24.597057 736431.287521
24.605768 743707.447454
24.614479 750941.539675
24.623189 758133.151259
24.631900 765281.871616
24.640611 772387.292517
24.649321 779449.008115
24.658032 786466.614971
24.666742 793439.712077
24.675453 800367.900876
24.684164 807250.785293
24.692874 814087.971750
24.701585 820879.069194
24.710295 827623.689118
24.719006 834321.445584
24.727717 840971.955249
24.736427 847574.837379
24.745138 854129.713882
24.753849 860636.209322
24.762559 867093.950945
24.771270 873502.568699
24.779980 879861.695259
24.788691 886170.966045
24.797402 892430.019244
24.806112 898638.495834
24.814823 904796.039601
24.823533 910902.297166
24.832244 916956.918000
24.840955 922959.554445
24.849665 928909.861740
24.858376 934807.498037
24.867087 940652.124420
24.875797 946443.404930
24.884508 952181.006580
24.893218 957864.599378
24.901929 963493.856345
24.910640 969068.453535
24.919350 974588.070054
24.928061 980052.388078
24.936771 985461.092875
24.945482 990813.872819
24.954193 996110.419415
24.962903 1001350.427311
24.971614 1006533.594318
24.980325 1011659.621433
24.989035 1016728.212848
24.997746 1021739.075976
25.006456 1026691.921463
25.015167 1031586.463209
25.023878 1036422.418380
25.032588 1041199.507433
25.041299 1045917.454125
25.050009 1050575.985533
25.058720 1055174.832071
25.067431 1059713.727505
25.076141 1064192.408970
25.084852 1068610.616985
25.093563 1072968.095467
25.102273 1077264.591752
25.110984 1081499.856602
25.119694 1085673.644229
25.128405 1089785.712304
25.137116 1093835.821972
25.145826 1097823.737870
25.154537 1101749.228137
25.163247 1105612.064431
25.171958 1109412.021943
25.180669 1113148.879409
25.189379 1116822.419124
25.198090 1120432.426956
25.206801 1123978.692358
25.215511 1127461.008384
25.224222 1130879.171696
25.232932 1134232.982583
25.241643 1137522.244967
25.250354 1140746.766421
25.259064 1143906.358177
25.267775 1147000.835138
25.276485 1150030.015891
25.285196 1152993.722717
25.293907 1155891.781605
25.302617 1158724.022256
25.311328 1161490.278103
25.320039 1164190.386312
25.328749 1166824.187800
25.337460 1169391.527239
25.346170 1171892.253070
25.354881 1174326.217512
25.363592 1176693.276568
25.372302 1178993.290038
25.381013 1181226.121526
25.389723 1183391.638450
25.398434 1185489.712048
25.407145 1187520.217389
25.415855 1189483.033380
25.424566 1191378.042774
25.433277 1193205.132177
25.441987 1194964.192056
25.450698 1196655.116746
25.459408 1198277.804457
25.468119 1199832.157280
25.476830 1201318.081195
25.485540 1202735.486077
25.494251 1204084.285701
25.502961 1205364.397749
25.511672 1206575.743814
25.520383 1207718.249407
25.529093 1208791.843961
25.537804 1209796.460840
25.546515 1210732.037335
25.555225 1211598.514678
25.563936 1212395.838040
25.572646 1213123.956539
25.581357 1213782.823240
25.590068 1214372.395161
25.598778 1214892.633279
25.607489 1215343.502525
25.616199 1215724.971797
25.624910 1216037.013954
25.633621 1216279.605824
25.642331 1216452.728205
25.651042 1216556.365865
25.659753 1216590.507546
25.668463 1216555.145965
25.677174 1216450.277815
25.685884 1216275.903766
25.694595 1216032.028465
25.703306 1215718.660541
25.712016 1215335.812598
25.720727 1214883.501222
25.729437 1214361.746978
25.738148 1213770.574410
25.746859 1213110.012038
25.755569 1212380.092363
25.764280 1211580.851862
25.772991 1210712.330986
25.781701 1209774.574162
25.790412 1208767.629788
25.799122 1207691.550232
25.807833 1206546.391834
25.816544 1205332.214895
25.825254 1204049.083684
25.833965 1202697.066429
25.842675 1201276.235314
25.851386 1199786.666480
25.860097 1198228.440018
25.868807 1196601.639966
25.877518 1194906.354305
25.886229 1193142.674955
25.894939 1191310.697771
25.903650 1189410.522538
25.912360 1187442.252966
25.921071 1185405.996685
25.929782 1183301.865240
25.938492 1181129.974085
25.947203 1178890.442577
25.955913 1176583.393971
25.964624 1174208.955411
25.973335 1171767.257930
25.982045 1169258.436434
25.990756 1166682.629703
25.999467 1164039.980381
26.008177 1161330.634967
26.016888 1158554.743811
26.025598 1155712.461102
26.034309 1152803.944863
26.043020 1149829.356942
26.051730 1146788.863003
26.060441 1143682.632519
26.069151 1140510.838760
26.077862 1137273.658785
26.086573 1133971.273437
26.095283 1130603.867324
26.103994 1127171.628820
26.112705 1123674.750046
26.121415 1120113.426866
26.130126 1116487.858873
26.138836 1112798.249378
26.147547 1109044.805402
26.156258 1105227.737664
26.164968 1101347.260567
26.173679 1097403.592189
26.182389 1093396.954271
26.191100 1089327.572205
26.199811 1085195.675019
26.208521 1081001.495370
26.217232 1076745.269525
26.225943 1072427.237356
26.234653 1068047.642318
26.243364 1063606.731441
26.252074 1059104.755318
26.260785 1054541.968087
26.269496 1049918.627419
26.278206 1045234.994504
26.286917 1040491.334037
26.295627 1035687.914203
26.304338 1030825.006663
26.313049 1025902.886536
26.321759 1020921.832389
26.330470 1015882.126217
26.339181 1010784.053431
26.347891 1005627.902839
26.356602 1000413.966633
26.365312 995142.540371
26.374023 989813.922959
26.382734 984428.416641
26.391444 978986.326974
26.400155 973487.962817
26.408865 967933.636311
26.417576 962323.662862
26.426287 956658.361125
26.434997 950938.052983
26.443708 945163.063535
26.452419 939333.721071
26.461129 933450.357057
26.469840 927513.306118
26.478550 921522.906016
26.487261 915479.497635
26.495972 909383.424957
26.504682 903235.035047
26.513393 897034.678033
26.522103 890782.707084
26.530814 884479.478393
26.539525 878125.351154
26.548235 871720.687546
26.556946 865265.852707
26.565657 858761.214722
26.574367 852207.144592
26.583078 845604.016221
26.591788 838952.206391
26.600499 832252.094744
26.609210 825504.063758
26.617920 818708.498723
26.626631 811865.787728
26.635341 804976.321630
26.644052 798040.494036
26.652763 791058.701282
26.661473 784031.342406
26.670184 776958.819131
26.678895 769841.535840
26.687605 762679.899552
26.696316 755474.319898
26.705026 748225.209104
26.713737 740932.981960
26.722448 733598.055800
26.731158 726220.850482
26.739869 718801.788355
26.748579 711341.294246
26.757290 703839.795426
26.766001 696297.721593
26.774711 688715.504843
26.783422 681093.579650
26.792133 673432.382835
26.800843 665732.353549
26.809554 657993.933240
26.818264 650217.565633
26.826975 642403.696706
26.835686 634552.774659
26.844396 626665.249892
26.853107 618741.574981
26.861817 610782.204648
26.870528 602787.595739
26.879239 594758.207195
26.887949 586694.500028
26.896660 578596.937293
26.905371 570465.984063
26.914081 562302.107402
26.922792 554105.776336
26.931502 545877.461832
26.940213 537617.636765
26.948924 529326.775894
26.957634 521005.355834
26.966345 512653.855029
26.975055 504272.753725
26.983766 495862.533943
26.992477 487423.679449
27.001187 478956.675728
27.009898 470462.009958
27.018609 461940.170977
27.027319 453391.649261
27.036030 444816.936891
27.044740 436216.527528
27.053451 427590.916383
27.062162 418940.600189
27.070872 410266.077173
27.079583 401567.847027
27.088293 392846.410877
27.097004 384102.271259
27.105715 375335.932087
27.114425 366547.898624
27.123136 357738.677454
