0.050000 0.062227
0.060000 0.067011
0.070000 0.071989
0.080000 0.077269
0.090000 0.084408
0.100000 0.094113
0.110000 0.108535
0.120000 0.128969
0.130000 0.158050
0.140000 0.198569
0.150000 0.253334
0.160000 0.327765
0.170000 0.425163
0.180000 0.551240
0.190000 0.703875
0.200000 0.871995
0.210000 1.050317
0.220000 1.223347
0.230000 1.370253
0.240000 1.493920
0.250000 1.594540
0.260000 1.664609
0.270000 1.720339
0.280000 1.765834
0.290000 1.793715
0.300000 1.814139
0.310000 1.836309
0.320000 1.842993
0.330000 1.834409
0.340000 1.824405
0.350000 1.807076
0.360000 1.746497
0.370000 1.633295
0.380000 1.343039
0.390000 0.372761
0.400000 2.614853
0.410000 2.368534
0.420000 2.275621
0.430000 2.226448
0.440000 2.195628
0.450000 2.177738
0.460000 2.168496
0.470000 2.163117
0.480000 2.161056
0.490000 2.158488
0.500000 2.157831
0.510000 2.159701
0.520000 2.163241
0.530000 2.168756
0.540000 2.172431
