0.050000 1.195890
0.060000 1.494124
0.070000 1.647883
0.080000 1.741029
0.090000 1.808268
0.100000 1.865403
0.110000 1.919244
0.120000 1.979038
0.130000 2.046126
0.140000 2.132553
0.150000 2.239736
0.160000 2.403943
0.170000 2.636278
0.180000 2.868577
0.190000 0.279774
0.200000 0.588638
0.210000 0.749646
0.220000 1.208318
0.230000 1.223101
0.240000 1.293974
0.250000 1.349922
0.260000 1.399611
0.270000 1.432417
0.280000 1.467562
0.290000 1.494304
0.300000 1.515757
0.310000 1.532870
0.320000 1.549966
0.330000 1.565814
0.340000 1.579019
0.350000 1.591260
0.360000 1.604134
0.370000 1.613981
0.380000 1.624209
0.390000 1.634767
0.400000 1.642209
0.410000 1.650161
0.420000 1.658630
0.430000 1.668808
0.440000 1.673043
0.450000 1.677446
0.460000 1.682900
0.470000 1.688633
0.480000 1.696686
0.490000 1.691041
0.500000 1.681292
0.510000 1.661069
0.520000 1.630581
0.530000 1.576500
0.540000 1.370092
