0.050000 0.080997
0.060000 0.107161
0.070000 0.160804
0.080000 0.267141
0.090000 0.470553
0.100000 0.842896
0.110000 1.339666
0.120000 1.742168
0.130000 1.972796
0.140000 2.098221
0.150000 2.173524
0.160000 2.220561
0.170000 2.249597
0.180000 2.278152
0.190000 2.299048
0.200000 2.320933
0.210000 2.348033
0.220000 2.384688
0.230000 2.441266
0.240000 2.526017
0.250000 2.680550
0.260000 3.011158
0.270000 0.562950
0.280000 1.272435
0.290000 1.611404
0.300000 1.770695
0.310000 1.857294
0.320000 1.914397
0.330000 1.956009
0.340000 1.985371
0.350000 2.009081
0.360000 2.031523
0.370000 2.049215
0.380000 2.066660
0.390000 2.083860
0.400000 2.099628
0.410000 2.116444
0.420000 2.133526
0.430000 2.153360
0.440000 2.171272
0.450000 2.190618
0.460000 2.212080
0.470000 2.235679
0.480000 2.262821
0.490000 2.289327
0.500000 2.320103
0.510000 2.352911
0.520000 2.391237
0.530000 2.432259
0.540000 2.476855
