0.050000 0.037691
0.060000 0.043023
0.070000 0.048166
0.080000 0.052759
0.090000 0.057188
0.100000 0.061194
0.110000 0.065461
0.120000 0.069593
0.130000 0.074227
0.140000 0.079417
0.150000 0.085216
0.160000 0.092410
0.170000 0.101535
0.180000 0.112215
0.190000 0.126132
0.200000 0.142622
0.210000 0.163087
0.220000 0.188440
0.230000 0.219252
0.240000 0.255910
0.250000 0.300113
0.260000 0.351282
0.270000 0.409789
0.280000 0.478903
0.290000 0.552233
0.300000 0.632182
0.310000 0.721269
0.320000 0.809880
0.330000 0.891352
0.340000 0.976881
0.350000 1.059222
0.360000 1.125620
0.370000 1.186309
0.380000 1.246383
0.390000 1.291252
0.400000 1.324536
0.410000 1.344470
0.420000 1.365225
0.430000 1.375961
0.440000 1.375640
0.450000 1.370530
0.460000 1.347409
0.470000 1.318692
0.480000 1.269946
0.490000 1.195212
0.500000 1.094507
0.510000 0.957445
0.520000 0.766953
0.530000 0.523053
0.540000 0.240813
