0.050000 2.759671
0.060000 2.795319
0.070000 2.892154
0.080000 3.083255
0.090000 0.285737
0.100000 0.762682
0.110000 1.192313
0.120000 1.467802
0.130000 1.634356
0.140000 1.742831
0.150000 1.817943
0.160000 1.877464
0.170000 1.926569
0.180000 1.968599
0.190000 2.012904
0.200000 2.053939
0.210000 2.098864
0.220000 2.149400
0.230000 2.205638
0.240000 2.271204
0.250000 2.348009
0.260000 2.439647
0.270000 2.538457
0.280000 2.665502
0.290000 2.779631
0.300000 2.634519
0.310000 0.185958
0.320000 0.242880
0.330000 0.319701
0.340000 0.360490
0.350000 0.312585
0.360000 0.079355
0.370000 2.679712
0.380000 2.097678
0.390000 1.822338
0.400000 1.690082
0.410000 1.641976
0.420000 1.613902
0.430000 1.607451
0.440000 1.602718
0.450000 1.601826
0.460000 1.607644
0.470000 1.614105
0.480000 1.623901
0.490000 1.630297
0.500000 1.637786
0.510000 1.645597
0.520000 1.654805
0.530000 1.664679
0.540000 1.670960
