0.050000 0.017279
0.069000 0.024169
0.088000 0.031153
0.107000 0.038072
0.126000 0.044595
0.145000 0.051248
0.164000 0.057562
0.183000 0.064301
0.202000 0.071346
0.221000 0.080168
0.240000 0.090841
0.259000 0.104786
0.278000 0.123371
0.297000 0.147841
0.316000 0.179573
0.335000 0.219890
0.354000 0.271342
0.373000 0.334618
0.392000 0.410004
0.411000 0.497918
0.430000 0.593582
0.449000 0.693873
0.468000 0.790121
0.487000 0.884398
0.506000 0.963305
0.525000 1.027712
0.544000 1.070673
0.563000 1.101233
0.582000 1.106965
0.601000 1.096998
0.620000 1.059983
0.639000 0.988704
0.658000 0.872230
0.677000 0.707116
0.696000 0.496688
0.715000 0.227840
0.734000 3.115730
0.753000 2.901140
0.772000 2.727537
0.791000 2.610145
0.810000 2.519100
0.829000 2.454570
0.848000 2.402989
0.867000 2.373269
0.886000 2.346776
0.905000 2.329232
0.924000 2.319467
0.943000 2.314821
0.962000 2.315315
0.981000 2.320636
