0.050000 2.699154
0.060000 2.682441
0.070000 2.655487
0.080000 2.635571
0.090000 2.620494
0.100000 2.615291
0.110000 2.623857
0.120000 2.647688
0.130000 2.696651
0.140000 2.781013
0.150000 2.923077
0.160000 0.026388
0.170000 0.438717
0.180000 0.918735
0.190000 1.305618
0.200000 1.539713
0.210000 1.685154
0.220000 1.781737
0.230000 1.848179
0.240000 1.899576
0.250000 1.941230
0.260000 1.976643
0.270000 2.006803
0.280000 2.038055
0.290000 2.066725
0.300000 2.094694
0.310000 2.123276
0.320000 2.154241
0.330000 2.186793
0.340000 2.223483
0.350000 2.263396
0.360000 2.308146
0.370000 2.357957
0.380000 2.414619
0.390000 2.473577
0.400000 2.541350
0.410000 2.619344
0.420000 2.692470
0.430000 2.762662
0.440000 2.759720
0.450000 1.163814
0.460000 0.202936
0.470000 0.209470
0.480000 0.260751
0.490000 0.305876
0.500000 0.335769
0.510000 0.337072
0.520000 0.296664
0.530000 0.198470
0.540000 0.014553
