0.050000 1.596159
0.060000 1.565802
0.070000 1.440266
0.080000 0.863242
0.090000 2.934135
0.100000 3.114085
0.110000 0.475222
0.120000 0.928375
0.130000 1.176165
0.140000 1.309777
0.150000 1.384629
0.160000 1.437765
0.170000 1.475805
0.180000 1.500927
0.190000 1.523774
0.200000 1.539940
0.210000 1.553963
0.220000 1.566367
0.230000 1.573959
0.240000 1.582578
0.250000 1.589274
0.260000 1.593158
0.270000 1.593043
0.280000 1.594272
0.290000 1.589363
0.300000 1.573691
0.310000 1.553714
0.320000 1.509872
0.330000 1.451959
0.340000 1.320753
0.350000 1.103574
0.360000 0.787048
0.370000 0.354501
0.380000 0.023549
0.390000 3.135621
0.400000 3.123359
0.410000 0.089383
0.420000 0.262221
0.430000 0.496141
0.440000 0.707907
0.450000 0.880895
0.460000 1.026988
0.470000 1.135974
0.480000 1.226938
0.490000 1.289057
0.500000 1.339526
0.510000 1.378378
0.520000 1.413573
0.530000 1.443457
0.540000 1.463835
