0.050000 0.006488
0.060000 0.008248
0.070000 0.010182
0.080000 0.012203
0.090000 0.014355
0.100000 0.016532
0.110000 0.018895
0.120000 0.021240
0.130000 0.023719
0.140000 0.026225
0.150000 0.028672
0.160000 0.031184
0.170000 0.033853
0.180000 0.036349
0.190000 0.039014
0.200000 0.041578
0.210000 0.044148
0.220000 0.046743
0.230000 0.049545
0.240000 0.052192
0.250000 0.054932
0.260000 0.057904
0.270000 0.060862
0.280000 0.064129
0.290000 0.067565
0.300000 0.071303
0.310000 0.074974
0.320000 0.079412
0.330000 0.084103
0.340000 0.089533
0.350000 0.095230
0.360000 0.101672
0.370000 0.108895
0.380000 0.116916
0.390000 0.125472
0.400000 0.135573
0.410000 0.146817
0.420000 0.158762
0.430000 0.172740
0.440000 0.187380
0.450000 0.203726
0.460000 0.221438
0.470000 0.241236
0.480000 0.262503
0.490000 0.285466
0.500000 0.310353
0.510000 0.337912
0.520000 0.366677
0.530000 0.397103
0.540000 0.429251
