0.050000 0.002085
0.060000 0.002779
0.070000 0.003582
0.080000 0.004464
0.090000 0.005447
0.100000 0.006489
0.110000 0.007661
0.120000 0.008878
0.130000 0.010210
0.140000 0.011609
0.150000 0.013031
0.160000 0.014535
0.170000 0.016174
0.180000 0.017777
0.190000 0.019509
0.200000 0.021223
0.210000 0.022974
0.220000 0.024765
0.230000 0.026697
0.240000 0.028530
0.250000 0.030407
0.260000 0.032388
0.270000 0.034320
0.280000 0.036355
0.290000 0.038404
0.300000 0.040534
0.310000 0.042472
0.320000 0.044708
0.330000 0.046901
0.340000 0.049298
0.350000 0.051586
0.360000 0.054027
0.370000 0.056638
0.380000 0.059275
0.390000 0.061923
0.400000 0.065023
0.410000 0.068402
0.420000 0.071669
0.430000 0.075442
0.440000 0.079389
0.450000 0.083566
0.460000 0.088172
0.470000 0.093101
0.480000 0.098538
0.490000 0.104527
0.500000 0.111047
0.510000 0.118139
0.520000 0.125914
0.530000 0.134400
0.540000 0.143689
